/*--------------------------------*- C++ -*----------------------------------*\
| =========                 |                                                 |
| \\      /  F ield         | OpenFOAM                                       |
|  \\    /   O peration     | Version:  v2312                               |
|   \\  /    A nd           | Website:  www.openfoam.com                    |
|    \\/     M anipulation  |                                               |
\*---------------------------------------------------------------------------*/
FoamFile
{
    version     2.0;
    format      ascii;
    class       volVectorField;
    location    "0";
    object      F;
}
// * * * * * * * * * * * * * * * * * * * * * * * * * * * * * * * * * * * * * //
// INPUTS:
    // -2.325779974789577
    // 3.3225950298770535
    // -3.868077675841631
    // -3.9392533274088715
    // 4.716629127581882
    // -1.560503922838652
    // -1.9836143096637904
    // -2.895878195588396
// Test

dimensions      [0 1 -2 0 0 0 0]; // TODO I just made it into acceleration, maybe should be fixed later

internalField   nonuniform List<vector>
400                                   // Number of cells
(
        (-0.18601537339340163 -0.19347175408884604 -0.017350237386700135)
        (-0.23697423080280536 -0.2638492051226927 -0.01482144830040482)
        (-0.27400418420368744 -0.3058284553191199 0.059261221728880056)
        (-0.2925163564452576 -0.3058695824761903 0.22406345663360072)
        (-0.3337748727691256 -0.29506883832556 0.33488115928616397)
        (-0.38529114472144066 -0.2801134952514961 0.30809486056138435)
        (-0.4761051861749674 -0.28251739608768667 0.24055143351013542)
        (-0.5213165936377512 -0.2617839671958521 0.2738736081411558)
        (-0.44928922623448087 -0.19876089181749151 0.3381238653503675)
        (-0.36649827089441533 -0.14617836720039656 0.2708934912925204)
        (-0.336126274778731 -0.12406969699335058 0.1170152791795333)
        (-0.36329578552853947 -0.12320769545457398 0.007405638004014423)
        (-0.3568644543898143 -0.10859624367019233 0.005677615248965866)
        (-0.28225508975187286 -0.07271870040390571 0.023841024234359555)
        (-0.20446553473897855 -0.04071611830910901 -0.01584906274653647)
        (-0.15178047303269296 -0.022251409840158498 -0.05596945009017157)
        (-0.12804298112923904 -0.014422353445869701 -0.05481497082264733)
        (-0.08766606709137698 -0.014237436610459953 -0.020985710934654116)
        (-0.045277105409574164 -0.011885861525153252 -0.004463522745274905)
        (-0.014245454110844269 -0.012480805052060923 -0.00022186793842128572)
        (-0.23239651974734904 -0.23910720759660498 -0.03273130724854282)
        (-0.32133292515760936 -0.35971060107370645 0.0012860082516926719)
        (-0.42447950901159504 -0.47963505292052205 0.1330444573975379)
        (-0.4182023902319922 -0.44860565799743524 0.433072343544978)
        (-0.3440445725924971 -0.33131215863315633 0.5195397549118812)
        (-0.40975793833952234 -0.3431960691798177 0.4588529744296801)
        (-0.5686746828888584 -0.44170838174855465 0.3275242536237563)
        (-0.7199945104608054 -0.49329292064987906 0.413084088184231)
        (-0.6055216221792981 -0.37737811774109326 0.579249391823742)
        (-0.3949940485024352 -0.2280323197368095 0.5072742936163603)
        (-0.3759419752965687 -0.20373153242071257 0.23101616788576043)
        (-0.48724393876155736 -0.24975029851584984 0.04668635085598555)
        (-0.53254171671776 -0.2589040302894461 0.06988845252830064)
        (-0.37371308618855476 -0.172927407260878 0.11876209084807796)
        (-0.22516059904337374 -0.09623672615535439 0.039365634782592696)
        (-0.17522584058370816 -0.07156213389151808 -0.05834899775528152)
        (-0.16498137783574124 -0.08427949599496443 -0.07671991270046108)
        (-0.13616634040489717 -0.08369390966605783 -0.03417861906097927)
        (-0.05669235947994039 -0.06005960312427089 -0.0024359799156362383)
        (-0.012572241329934064 -0.04138825479617286 0.003198584060156464)
        (-0.22955125290566 -0.25233641454869093 0.014071429949513187)
        (-0.3475279132173867 -0.4174924163486887 0.12242023843486173)
        (-0.45286270790353 -0.5537902808307654 0.3066747093843011)
        (-0.452094143025848 -0.5305877817007422 0.6825741516570532)
        (-0.2999685034800846 -0.32965509315482655 0.8857745844057671)
        (-0.36866893249415067 -0.37649375178496836 0.8400150464200025)
        (-0.7257634080689459 -0.6766406924952421 0.7709094314591947)
        (-0.9232151441394375 -0.7836241982801022 0.9523648736582474)
        (-0.7393833705698065 -0.5830525606136749 1.2184220755023425)
        (-0.35247143665779573 -0.2630082471505997 1.0397237142360698)
        (-0.3515073707249704 -0.24975243411171996 0.6036257695117014)
        (-0.64421032900408 -0.44103024623685 0.3173535307560026)
        (-0.7270796907986278 -0.4857157181498223 0.3714568889556238)
        (-0.49664838878383283 -0.33000915743895254 0.3968393162790158)
        (-0.22874961120467047 -0.15774875651109926 0.21546404377372713)
        (-0.17600135957187682 -0.13141246782761956 0.0011568519342494143)
        (-0.20609414595888575 -0.1809887726983334 -0.04346842497167358)
        (-0.15215150222252172 -0.17609382254798445 0.0034446971030422935)
        (-0.0715229044405592 -0.1353668757989212 0.02765293403503881)
        (-0.010947777685141213 -0.07850556290428262 0.01859619037739322)
        (-0.19317106084939495 -0.2435247745537642 0.10455089319756937)
        (-0.28294070357575796 -0.36938646745850956 0.3772818672840159)
        (-0.365723100796565 -0.49893560438222245 0.6102088520762375)
        (-0.24925023311645123 -0.3358300804575661 1.0665997329406314)
        (-0.1315462819573746 -0.16816875595873884 1.2797003175218433)
        (-0.09177929994621792 -0.10935759134468394 1.6052445079669657)
        (-0.38512927228139726 -0.4202634003895126 1.6273571558088027)
        (-0.6579193476316155 -0.6730211256182177 1.9141934857693759)
        (-0.4089424675325789 -0.3913091149206029 1.9901336843821298)
        (-0.07998633489916872 -0.07316627975240232 1.6306597326171168)
        (-0.08580666245120869 -0.07554909943036772 1.2372862877975246)
        (-0.3667330152463254 -0.3149502765632951 1.0133172048237284)
        (-0.5364229600070671 -0.457216653889084 0.9711360378100771)
        (-0.2511203540859881 -0.22121535405473325 0.7701325628722148)
        (-0.09766382719350758 -0.09086235275510565 0.3695262936328715)
        (-0.10267003786631174 -0.10584535785935356 0.11306753105931366)
        (-0.14861757193816671 -0.18450910813112603 0.04582945789510662)
        (-0.1309190626457734 -0.22515515732799424 0.08197578046095111)
        (-0.05868746868848346 -0.16554152002826217 0.07633189128322493)
        (-0.007331214168877692 -0.1070382496425396 0.04392228292583211)
        (-0.10978529693572371 -0.17390655514353964 0.06320543465526246)
        (-0.15780639228989232 -0.25128880226356537 0.30428383040696383)
        (-0.12230532115693947 -0.19529490211971198 0.6334459990707915)
        (-0.02841485503901628 -0.04513874687426725 1.1351878061082448)
        (0.14948055748697278 0.2223449072276455 1.7379135643054289)
        (0.3005799296653446 0.4232361313560118 2.320519774924625)
        (0.4765343700348772 0.6513906501040372 2.8811347854397678)
        (0.4879880824836959 0.6278871626985983 2.9097539996198796)
        (0.49103533775035 0.6039314433574319 2.516367457325032)
        (0.4957638803605354 0.5828221629742403 2.207540465020092)
        (0.5071878963617515 0.5798604597231081 2.1413337330366415)
        (0.4923178552552401 0.55556754547889 2.1417664623831465)
        (0.42156339957189193 0.4787803457299674 1.8551112071548403)
        (0.288335880024513 0.3355798995741216 1.236865356902257)
        (0.15805026524812812 0.19318421024132507 0.5077790985638422)
        (0.01581252634836082 0.021826745011018105 0.14387846890928158)
        (-0.07042725249421225 -0.11545209027583281 0.050307938394706264)
        (-0.07342405389433826 -0.17491828008573965 0.06949260279647995)
        (-0.04132266478858537 -0.16320838392987913 0.06610526832389374)
        (-0.0031138926547846224 -0.12459230450541162 0.044438738377106934)
        (-0.0741309184181831 -0.15702425248327273 -0.09044295188834557)
        (-0.07086174786319302 -0.14164167896196891 0.016330628388396787)
        (-0.08644575006720707 -0.1694524877810005 0.2795921017657663)
        (0.04451320505448805 0.08470031346301801 0.7936446170408403)
        (0.3390120748008222 0.6174127892507205 1.6336839628201156)
        (0.8965692013368922 1.5207719161304647 3.0251395244740302)
        (1.4823570621127617 2.4482407913538804 3.7948568525143114)
        (1.8144436702527875 2.8534254925919433 3.652082998562717)
        (1.4795053226982773 2.19975667578716 2.66910120966822)
        (1.1346938548800947 1.6274414466999805 2.3317104969287654)
        (1.2010745045316453 1.681961024792225 2.7966462181145975)
        (1.5707143787757982 2.1961487831427036 3.2837944489666397)
        (1.6769427153518917 2.381077731641222 2.725532226251736)
        (0.9565178773641887 1.3981218641395434 1.4069864320337606)
        (0.43689931283865335 0.6931494513259677 0.382937158553768)
        (0.12179446753040621 0.21561210086926247 -0.009610602191651552)
        (-0.04209736091580965 -0.08856173692919368 -0.11052972487326929)
        (-0.08134136226847033 -0.22252073514691315 -0.09729179947661348)
        (-0.04079729598403106 -0.20012596674714123 -0.006563112747396904)
        (-0.008542201743251987 -0.15852368024286473 0.015334128914750916)
        (-0.04328081278243179 -0.13026853618619927 -0.313047643559934)
        (-0.02020757046180864 -0.05439495551399353 -0.3072554442223606)
        (-0.1365810719878445 -0.3404976507690088 -0.16993678595022732)
        (0.017425920581773724 0.041483137272564 0.26586262541527206)
        (0.43880299236574166 0.9936645999262347 0.9678177628980392)
        (1.1754160491686425 2.4816759795662175 2.2425616764429943)
        (2.4981047696967402 4.998955556850135 3.4421879470413694)
        (3.1505213279709254 6.033153433627268 2.7041570076805113)
        (2.321148099749373 4.234991988681587 1.615209130006604)
        (1.5237196880150616 2.6740282850381276 1.521742401523907)
        (1.666243327064517 2.871086400168213 2.512065752732042)
        (2.5668608013114174 4.383497308473982 3.360415244492117)
        (3.1030535871521296 5.397549280796641 2.5598881309777726)
        (1.9909562032560655 3.5675691479818212 0.8240402478982087)
        (0.8046916928009364 1.5342524618936504 -0.1810236766098141)
        (0.18207766719018664 0.39237855979666547 -0.36168880913526125)
        (-0.11800591498361479 -0.30632042936529674 -0.3578847718474565)
        (-0.13704001434264662 -0.4481932215857697 -0.20386836718316748)
        (-0.05797564574452163 -0.29503005311500324 -0.06042787964472325)
        (-0.0193100115150229 -0.2125815642511058 -0.012579765210767688)
        (-0.016094364753670085 -0.07117638651329294 -0.46434978383327596)
        (0.0055262267866017095 0.020552571843753295 -0.49466715230937036)
        (-0.02796961988568808 -0.09303125815781488 -0.631599677676219)
        (-0.007011485324931593 -0.022418596512153374 -0.6163094742246653)
        (0.3796028482384729 1.0992911151210008 -0.7182938490621191)
        (1.349301516591917 3.6730251448403175 -0.14720375778136718)
        (2.7009385831672765 6.963422173945681 -0.5110265101490401)
        (3.2659605516537082 7.973547870668094 -1.107962776005627)
        (2.502084061327734 5.671986436415463 -1.1997255438087613)
        (1.5247621506215945 3.341986228497668 -0.6075821985307495)
        (1.7328731407861062 3.6944665773154077 0.5792908745359746)
        (2.9236801539874637 6.0591950077684125 0.933139325557699)
        (3.305636115725953 6.994949709796677 0.09369693102572049)
        (2.3204539203624925 5.123187637585529 -1.074444621739412)
        (1.0032127937666768 2.351538272949859 -1.0783423007511077)
        (0.19498070095501852 0.5014703343324001 -0.673996200458479)
        (-0.16615932449841475 -0.5076804744955169 -0.3350473555779423)
        (-0.1628223720100787 -0.6148654866783556 -0.11396696916781274)
        (-0.0801354866834455 -0.4109920769191894 -0.013845848445075415)
        (-0.028432074276936087 -0.2518724780028301 -0.0023363158479865337)
        (0.00024798957921613046 0.0017435428178914913 -0.5796530023808547)
        (0.02220967907944854 0.12351432563423301 -0.8968768461154922)
        (0.017937073477432397 0.08959056397423748 -1.2040974523473376)
        (0.016879205622137988 0.07674029281858966 -1.728725075168911)
        (0.15502135478829304 0.6211369081959571 -2.888374886881515)
        (0.6527111917030024 2.4175840150777455 -4.210363971024095)
        (1.3673466123897176 4.750251105467622 -5.488589016753254)
        (1.8534863935475365 6.051400293896355 -6.562539749575455)
        (1.3292966688052383 4.0279827662317915 -5.371215144621125)
        (0.9853257909107334 2.756031341227198 -2.9175349603054626)
        (1.1737176051018627 3.136466167681074 -1.5348169473092925)
        (1.7402759277070674 4.689278448185913 -1.7211235925441724)
        (2.1460704906194072 5.590093304342718 -2.585070233003912)
        (1.5164980169659859 4.123713087029815 -2.631829196714099)
        (0.7224884701903281 2.0379976523437184 -1.7911439796535613)
        (0.1751980215991002 0.5347422175850537 -0.8591869790180382)
        (-0.09184857645099079 -0.3228305372351042 -0.23406534208670837)
        (-0.12259516849140611 -0.5078905606064896 -0.004477168746991889)
        (-0.06806364396633191 -0.36280022249277605 0.03154021357274936)
        (-0.0297985196491736 -0.24232815598543764 0.008871682380517866)
        (0.007265849692830031 0.09697113653047679 -0.6038754421407772)
        (0.015408647129915132 0.15517623478036313 -0.9052966093021383)
        (0.01423172109887609 0.11595138157804201 -1.5203332506174845)
        (-0.007994446355465257 -0.05711795503586487 -2.4155334379255406)
        (-0.07082243626449765 -0.4458968245817028 -4.491217618274553)
        (-0.04210383173722215 -0.23663735182414092 -6.849514036951932)
        (0.025030235599984907 0.12714974023381742 -8.77052479045906)
        (0.06258497353302503 0.28742494694031684 -9.374512836414612)
        (0.05197338430044023 0.22737931392422525 -7.541225549571769)
        (0.16158146486436534 0.6352859000088246 -4.405953845155284)
        (0.4169304047341961 1.5497984009484655 -2.590658875350159)
        (0.8332191554206942 2.830280935247511 -2.3581508478298274)
        (0.8964711817302086 3.0614083496215985 -2.3525223229162693)
        (0.7120741847927057 2.3861309527558907 -2.2000039350108)
        (0.408326908785011 1.3969322092377308 -1.5763704180353462)
        (0.13788737553195524 0.49223369861700894 -0.8693546894663903)
        (-0.017999799701879052 -0.07174229544709851 -0.3685994974204647)
        (-0.05706648528824303 -0.2552238794106217 -0.14510461592139162)
        (-0.0456628635383316 -0.24826829730881242 -0.06189730123364448)
        (-0.027446702905947494 -0.20660368393677536 -0.04320451845292718)
        (0.0014199422080951249 0.17085032676729783 -0.535691710797794)
        (0.007702946752786981 0.35630173970486295 -0.6018685387485094)
        (0.010973572886769624 0.27991182044192076 -1.0526756732986937)
        (-0.011308656793794433 -0.2112813494404857 -2.051420360662265)
        (-0.1274175586020956 -1.814682175758225 -4.686628100968829)
        (-0.3184633278308665 -3.4601060929715417 -7.679212857792028)
        (-0.5805923564301277 -5.375066020045278 -10.316818350827864)
        (-0.7728065786265678 -6.0325012823179796 -11.079030497047368)
        (-0.6799777276168333 -4.796961924710626 -8.70736919175772)
        (-0.2278298679498015 -1.2871100580898092 -4.317764734465963)
        (0.13228283681526695 0.651388139351129 -2.2253843162107194)
        (0.4057084224901986 1.8666795779024703 -1.3478685014266203)
        (0.5446300816238672 2.3402722879806808 -1.0066542664905698)
        (0.4385742017541091 1.8273561837639847 -1.0526785234494773)
        (0.27352473087910495 1.1176394805468215 -1.0182011957142005)
        (0.10132311665563182 0.4166261419070785 -0.8068537261697912)
        (-0.015004855516426857 -0.06510044808465594 -0.5692138687169565)
        (-0.04994477762507673 -0.23362311128960023 -0.38463122042557296)
        (-0.04457461425992624 -0.2404070662474475 -0.2109381028523521)
        (-0.028982002455574002 -0.20127261315353426 -0.12348539335598595)
        (-0.01834313585947094 0.3058822810607281 -0.37142989254336045)
        (-0.036121724045511484 0.6145005064761359 -0.31361660837737687)
        (-0.05300923849334124 0.9806755841554652 -0.3926292518433977)
        (-0.012639789742615988 0.2994265571316771 -0.8961932891887837)
        (0.04264910522148528 -3.221110097300279 -3.1621523309796773)
        (0.006764049994229027 -7.039652726110871 -5.66823481425924)
        (-0.25988836928307113 -12.43589526084025 -8.680979247946887)
        (-0.7325881238013903 -15.583324592590822 -9.735240383627037)
        (-0.6888692309913353 -9.419508286679008 -6.744281661094087)
        (-0.3352218501323804 -4.121247078965093 -3.0752423075659934)
        (0.006149864203013111 0.05589516138820937 -1.1850547236121178)
        (0.33822416287359847 2.3696155856811987 -0.2892231955556069)
        (0.5497544543335535 3.2207151914538548 -0.042857775594385084)
        (0.4451911522920451 2.382801581700172 -0.417450038011984)
        (0.25596726746246806 1.2535170484759381 -0.7156511677234048)
        (0.07268399316495992 0.3378307854364435 -0.7606842342333577)
        (-0.06360298103888343 -0.2897448936568903 -0.6652999218990023)
        (-0.09574685254589668 -0.44556309359924806 -0.463851125403747)
        (-0.06584151833475269 -0.3312819775309553 -0.2551985548990964)
        (-0.03745126733966681 -0.22750130409926994 -0.1570799136199934)
        (-0.05605997569224326 0.3942510252236437 -0.24700894050103467)
        (-0.14523758211803278 0.9856731032864371 -0.15626752656620405)
        (-0.20566169552662786 1.4216266888334317 -0.08861301776336461)
        (-0.1105299506938689 0.8291358087193281 0.007428236782984186)
        (0.38354975505445854 -3.501227140582267 0.04735921497336301)
        (0.7834718457054909 -8.818147830600596 -0.4379257928373153)
        (1.2014161957185179 -16.994238559941014 -0.8727959451092698)
        (0.980273656050771 -19.453798640512833 -0.3480800071955073)
        (0.3899282033602834 -13.63576037634359 -0.30800528897571056)
        (-0.00851238985525804 -5.064408992602568 -0.7663932158728439)
        (-0.002340264168667547 -0.0711846057223446 -0.7834006318662344)
        (0.22975994189080784 3.384102538285767 -0.8411423430266437)
        (0.448417096892485 4.095405863825822 -0.7700980844385419)
        (0.4226309658287936 2.9838759665447228 -0.8546073701322032)
        (0.23841314948031267 1.4082177334285715 -0.9261646032441367)
        (0.05839480102253866 0.3000736398302366 -0.7215720379337227)
        (-0.08778288928439096 -0.4034502164642433 -0.4826405911710465)
        (-0.11442820379412091 -0.5039579783829158 -0.2840115411133857)
        (-0.08047329745347243 -0.35815057080574847 -0.15890469046527456)
        (-0.04954678285567001 -0.24259320452069588 -0.12329934095881542)
        (-0.10073992737479073 0.4062513416768431 -0.08617983879024377)
        (-0.2022616617158458 0.7816382303286153 -0.07164718570541097)
        (-0.20344128650907986 0.837414368655347 0.13611443796624864)
        (-0.0812009400045528 0.3700783475986438 0.7157359305956927)
        (0.6290605368265718 -2.9391804530101635 2.7657037998201095)
        (1.249100998785388 -6.920958056240196 4.495949539320519)
        (2.1242931006851435 -12.911258045029205 6.589051217812462)
        (2.054505334858666 -14.568634789167419 6.191558724612842)
        (1.1113287020863813 -9.945109307993425 3.8126911029055672)
        (0.3049186767797305 -3.9745534330772134 1.0122791366818713)
        (0.01040197693516115 -0.2775900843251993 -0.6591207192789219)
        (0.009236998177382216 2.264100942378683 -1.6635992293781117)
        (0.18309489564545509 3.372803706264571 -1.9146847261084514)
        (0.22063286026874912 2.2277292476918733 -1.6342282929763547)
        (0.1209120543483745 0.8700997957744449 -1.060940195378232)
        (0.04459148306702178 0.2456090672549936 -0.6923433353089236)
        (-0.04746346781196016 -0.21141537307333938 -0.35366512062210187)
        (-0.09072890794571715 -0.3621388307177441 -0.16499635953737196)
        (-0.06845413460777226 -0.25588673818820656 -0.10295955759081157)
        (-0.05435519160623259 -0.2012930737496759 -0.09611125473067489)
        (-0.14263335899634938 0.3700296018466973 0.17879907391640787)
        (-0.1573301629901085 0.4287968831745002 0.3360687299391147)
        (-0.10828852910744911 0.3097819378990603 0.9449068441688866)
        (0.07094841641503133 -0.21284122828097346 1.7227466017935955)
        (0.41181820936150154 -1.3061267149884352 3.010108030161876)
        (0.9385168629195109 -3.350063786373731 4.963989014357639)
        (1.476161232212653 -5.471666762619846 6.8797992530927194)
        (1.6137061318952794 -6.976218634309168 6.892103789573918)
        (0.9745703764825822 -4.899825968259043 4.1860791013833465)
        (0.3659879710781025 -2.261354066452388 1.4518846761210344)
        (0.03902426323488602 -0.3425223362313032 -0.3584478983363344)
        (-0.05330995740889821 0.9420885539004389 -1.4406714926749316)
        (-0.0032451226649535397 1.369663994939012 -1.7657543026593414)
        (0.06115493206068398 1.1243505314024964 -1.523243771764389)
        (0.06432984462072815 0.5775405480202127 -1.029783591603426)
        (0.02850454470966402 0.16070637071975277 -0.613503346311637)
        (-0.015939822001857187 -0.06699677227522464 -0.34789031231767276)
        (-0.04812536072612519 -0.17046755390876747 -0.18946824613849747)
        (-0.05309424337946196 -0.15666197796054196 -0.12549528782592426)
        (-0.054458720006325755 -0.14840493542079125 -0.1063043219583594)
        (-0.19328898204196757 0.3583191910635249 0.35301332111768036)
        (-0.2057248210072641 0.4226268267052763 0.6589878870194975)
        (-0.20169837180067907 0.4360047088903545 1.349836214060879)
        (-0.041636174742380384 0.09379338003778509 2.0474323099823013)
        (0.23564442175108377 -0.5500762913124886 2.944162207249067)
        (0.6111270697291352 -1.543520875287041 4.327007730010819)
        (0.8135975303136638 -2.203583126466079 5.105328110240917)
        (0.8039457388812958 -2.3457715003515274 4.778117723652805)
        (0.5562961528482462 -1.814099072393691 3.0452341274436563)
        (0.26344929283071944 -1.0148245835960157 1.2913613140874203)
        (0.05906065959542968 -0.292965539954705 0.003173638137529168)
        (-0.024426561075860928 0.1823352905330245 -0.7200980930952476)
        (-0.02224554640945918 0.37815305204026145 -1.027149783246007)
        (0.009197378126580849 0.34528041954103994 -0.9478745171752246)
        (0.019401857396337527 0.1925624914998985 -0.6537300311050362)
        (0.010654909821539119 0.05801017996180934 -0.48361951348633125)
        (-0.01443539778120606 -0.05569630398899345 -0.3483658123387432)
        (-0.03503894977641145 -0.10920303444545966 -0.22639477471159397)
        (-0.05425076040395507 -0.1308192379575882 -0.1597266219898866)
        (-0.054376924523609024 -0.11057383318330977 -0.10576862698803656)
        (-0.29495697808149485 0.41296389970928693 0.29528186772072545)
        (-0.35308663458291545 0.5663200588919315 0.5469209170809186)
        (-0.45844464994124373 0.7981153790582656 1.207781550260586)
        (-0.22131649502361364 0.40461689515061944 1.9237630877767307)
        (0.013533033229185403 -0.025003858165424064 2.2786911067195628)
        (0.08629994131024643 -0.16299367881792856 2.4775736107144475)
        (-0.055579245794117695 0.1063258989223107 2.4565669143511206)
        (-0.2506543679185405 0.5014625116375805 2.3518888296659033)
        (-0.04967452401829129 0.10755327046313524 1.6452741167346252)
        (0.03597988671186743 -0.09016065987411316 0.7842604310847963)
        (0.007499166668157038 -0.02321126345129674 0.07337469579988333)
        (-0.012406314013379896 0.0513996645067964 -0.24972450893193274)
        (-0.005198016864849733 0.0399168557697065 -0.4251233026389684)
        (-0.0014890318737006275 0.04419615420101631 -0.4413583638180228)
        (0.0026449563617594873 0.03237569502810937 -0.41038608380969094)
        (-0.003447353504292573 -0.018248430477602898 -0.3222233395800798)
        (-0.02625221616985953 -0.09509727680002296 -0.26750116627528864)
        (-0.059216595425832776 -0.15533874105648604 -0.18506240081887101)
        (-0.061948828491356064 -0.12284822605798276 -0.13570915882922852)
        (-0.059942792689557184 -0.09771235899359576 -0.07678461713072447)
        (-0.3216646397693794 0.3944127721314915 0.1381244735927967)
        (-0.4841154063049364 0.6755721530161334 0.2999883041234468)
        (-0.5873336166625617 0.8869636882378058 0.7617690187521905)
        (-0.46690244725632524 0.7097699385032488 1.0808661384626368)
        (-0.20448063318119242 0.31963608115611464 1.4679911609858798)
        (-0.1309002975465867 0.2020755094982897 1.4010358927370137)
        (-0.3227054622141854 0.48963253276371294 1.074817598511422)
        (-0.4543440282026505 0.7055684619895921 0.8975530691722714)
        (-0.23155919649288403 0.38059974227732724 0.7227955556686543)
        (-0.06364508776975478 0.11726086198735532 0.38644637846032387)
        (-0.024783195751181535 0.056262022097854504 0.027114597326363333)
        (-0.022985270529961736 0.06835650386902468 -0.11897401758758766)
        (-0.005709859836787914 0.029464306274235706 -0.17870233035579292)
        (0.0031166363461178 -0.05316660598476703 -0.21857873264145827)
        (-0.0021444775819644477 -0.029474878583842935 -0.21326742197286142)
        (-0.008052065541609955 -0.04127093551243439 -0.17960641128932267)
        (-0.03186605388060445 -0.10215442459019816 -0.1336861558926556)
        (-0.05285811546499936 -0.1303331250896551 -0.08028600488483997)
        (-0.06217822702344562 -0.11645778661589774 -0.05530853938200996)
        (-0.05653793672457952 -0.08001773974644057 -0.026197186329573192)
        (-0.26060331280234456 0.2878803876169274 0.018823973055909278)
        (-0.36740919815745887 0.4600433374596215 0.03815256643961105)
        (-0.49094267137381875 0.6576631603523342 0.25204993570524603)
        (-0.4217875170422352 0.5567790172526752 0.40001733200818046)
        (-0.2286257030578878 0.2893429736535936 0.6078301103879371)
        (-0.22158562730203382 0.2609757607249798 0.5229190486091646)
        (-0.3224543129178261 0.3769558383073946 0.3567241021024764)
        (-0.3534400705352693 0.4095827140850996 0.24497555595117038)
        (-0.19662614170722517 0.235883657264483 0.21892341938700235)
        (-0.08761327680465922 0.11759486068160306 0.12653663585815594)
        (-0.04037100875386099 0.06496361892764117 -0.0391483456929966)
        (-0.03478648249713096 0.07496994303912739 -0.0929316212730941)
        (-0.011489005494177154 0.040276143913139606 -0.09314399769380065)
        (0.0005938235722530438 -0.006936811992796173 -0.08726481953910914)
        (-0.001520323241774084 -0.02260424823331384 -0.09686083018056786)
        (-0.006903105839743417 -0.03342763782978071 -0.08740448643659697)
        (-0.024130220178415936 -0.06729897876755735 -0.07314433539906871)
        (-0.03977775915197708 -0.08591245020052297 -0.031312138261947946)
        (-0.04438043343900046 -0.07397034489949758 -0.015305548626936661)
        (-0.044379840046415125 -0.05646636667363142 -0.006252944258933852)
        (-0.22659307147509902 0.24557879369888908 0.00010043125898815467)
        (-0.2337023229545748 0.27985548112911846 0.012039509202509699)
        (-0.25566306250856813 0.32106231670835306 0.11271363400678379)
        (-0.2365550983205797 0.28673701530215917 0.2640535945559206)
        (-0.2078175492510837 0.22666193170466345 0.3238500899236841)
        (-0.1843484764425868 0.17309331989745816 0.2384705858066342)
        (-0.18520413550918674 0.1537344617015407 0.09561436690058621)
        (-0.15648538601677414 0.12344099836924538 0.034404880784830685)
        (-0.10016028791287616 0.0804329557237649 -0.0005969697880546781)
        (-0.052540712873817653 0.04629286467306361 -0.03792049006121262)
        (-0.02578526139179301 0.027174674839609596 -0.0650909026122507)
        (-0.010441900796641267 0.014858482430158219 -0.06879383953830503)
        (-0.0004649169725861463 0.0011295846935486739 -0.05593532015472088)
        (0.0010070127971742796 -0.00830161939847476 -0.04758009862981191)
        (-0.0013618564672551875 -0.01332187129744673 -0.046192634308025886)
        (-0.006433559387153658 -0.024040818131816778 -0.039915149211225756)
        (-0.012526396198643576 -0.030608166707197175 -0.030537295193841033)
        (-0.020974927125527072 -0.040446982925241085 -0.01335189246012533)
        (-0.02847710458727927 -0.042628499662816476 -0.0030036388858648263)
        (-0.02996573031673772 -0.03584955033335815 -0.0015806622580336977)
);

boundaryField
{
    walls
    {
        type            zeroGradient;
    }

    inlet
    {
        type            fixedValue;
        value           uniform 300;
    }

    outlet
    {
        type            zeroGradient;
    }
// WALLS
    fixedWalls {
        type zeroGradient;
    }
    frontAndBack {
        type empty;
    }

    coldEnd {
        type zeroGradient;
    }

    hotEnd {
        type zeroGradient;
    }
        // WALLS
    patch_0_0 {
        type zeroGradient;
    }
    patch_1_0 {
        type zeroGradient;
    }

    // INLET
    patch_2_0 {
        type zeroGradient;
    }

    // OUTLET
    patch_3_0 {
        type zeroGradient;
    }

    // HEATER
    patch_4_0 {
        type zeroGradient;

    }

    // COOLER {
    patch_5_0 {
        type zeroGradient;
    }
}

// ************************************************************************* //
