/*--------------------------------*- C++ -*----------------------------------*\
| =========                 |                                                 |
| \\      /  F ield         | OpenFOAM                                       |
|  \\    /   O peration     | Version:  v2312                               |
|   \\  /    A nd           | Website:  www.openfoam.com                    |
|    \\/     M anipulation  |                                               |
\*---------------------------------------------------------------------------*/
FoamFile
{
    version     2.0;
    format      ascii;
    class       volVectorField;
    location    "0";
    object      F;
}
// * * * * * * * * * * * * * * * * * * * * * * * * * * * * * * * * * * * * * //
// INPUTS:
    // -10.0
    // 10.0
    // -10.0
    // 10.0
    // 10.0
    // 10.0
    // -10.0
    // 10.0
// Test

dimensions      [0 1 -2 0 0 0 0]; // TODO I just made it into acceleration, maybe should be fixed later

internalField   nonuniform List<vector>
400                                   // Number of cells
(
        (-0.022127295417337933 0.02272319574306103 0.000303858780108468)
        (-0.05368988253841178 0.015838954007383554 -0.017138040778628155)
        (-0.11586790538105185 0.019590293467831588 -0.04289405577664552)
        (-0.22784292395772776 0.02435207211781254 -0.05655179813498512)
        (-0.40539005471319856 0.03687973376832887 0.08263382194237956)
        (-0.6639451390813038 0.08945225685084901 0.6660063390387383)
        (-0.932627668614324 0.1715034701340573 1.416265723342671)
        (-1.3395961277843322 0.29799796563058223 2.182446994847732)
        (-1.8287634483456894 0.4586738686759669 2.926939682284681)
        (-2.2745489839752566 0.6178004522881854 3.1521064327641373)
        (-3.0166581454724533 0.9177997856656565 2.754399345671448)
        (-4.178590442068869 1.4326515065827856 2.002787994312781)
        (-5.268127217494326 2.1090840352748064 1.6057363931645074)
        (-5.565352334897229 2.7175184190743957 0.6821522102906478)
        (-5.284108608755465 3.2582322277075324 -1.45428936587732)
        (-5.130753525159521 3.97509487623382 -2.802543589614489)
        (-5.552321881897647 5.101328892239042 -2.3416977935808365)
        (-5.489452793166354 5.570988187417344 -0.3200913416161256)
        (-4.786969010967902 4.992072821253888 0.5261223441249571)
        (-4.236939171298172 4.237473755544982 0.4517200475125614)
        (-0.013812429012058036 0.04419334850854473 0.014148460775353616)
        (-0.04349410087807826 0.040406624367533395 0.0075131170408119785)
        (-0.04945413804736898 0.028994692476682182 -0.05429476784434012)
        (-0.12227087471226294 0.04773034624503958 -0.14773108270937385)
        (-0.5101056744829935 0.16639798026323738 0.24434987932459684)
        (-0.8091618407779944 0.250774796502246 1.0875772800608057)
        (-1.0434001900001535 0.35856549571110663 2.034272033741218)
        (-1.7262303526915703 0.6150738893911321 2.9873952325322195)
        (-2.348974330481649 0.8752647183836316 4.182263129527043)
        (-2.8321098404312393 1.1150040212462924 4.311789251368808)
        (-3.8322764483555942 1.6187583862389474 3.0305430271303946)
        (-6.0349926275739225 2.792491136810624 1.192896678188891)
        (-8.27818652294539 4.29966124906388 0.5090510933366015)
        (-7.621119791802226 4.548475227514362 -0.3117429541396163)
        (-6.001922162478804 4.162991787362163 -3.764887866751719)
        (-6.048360052093361 4.897808480101838 -6.168804427042285)
        (-7.714801667251402 7.036782848751761 -5.561818274801945)
        (-8.785972833334144 8.550900155135329 -1.8823072835509613)
        (-6.907982849412782 6.903427532545701 0.6706647438728457)
        (-5.261018073064362 5.057035081710166 0.48912992862242455)
        (-0.014505932343581995 0.10214260244093165 0.039767667076829105)
        (-0.03681525573881905 0.06135058425590745 0.08093427838045905)
        (0.03269714073592134 -0.03275391530168448 -0.0010377928326542052)
        (-0.06321727543931654 0.04501931601502118 -0.11801494169995763)
        (-0.8244989964593656 0.47705152237074744 0.40374299258297186)
        (-1.2793985102201606 0.6696913364263655 2.3301625799543344)
        (-0.8121760989112268 0.3985598939684336 4.266168730490191)
        (-1.293962538123882 0.6201060923848729 5.452722468567087)
        (-2.6459714508604124 1.277883856258093 7.001221777726498)
        (-3.426604198552486 1.6984067202923474 7.25448243207425)
        (-4.399350724009545 2.288964572113769 3.9826188677544136)
        (-7.952701742711457 4.434195420991555 -1.059763144796444)
        (-11.34909741133646 6.91834338160985 -3.430226824471009)
        (-9.959587960282946 6.819901032375695 -4.827899712524458)
        (-5.951994256756618 4.585344528710595 -9.583331587454913)
        (-6.202104968340125 5.291710633674281 -13.24926040305742)
        (-9.951742313309591 9.37798680981454 -11.79859698984373)
        (-11.093546056130222 11.12879396886966 -5.890597298235128)
        (-9.251197390945837 9.459169722548841 -1.716177438461722)
        (-6.116726039607679 6.05248461950456 -0.6975838396029769)
        (-0.014793647142515187 0.20143196231829064 0.08766396783431682)
        (-0.050391044836909815 0.12556449430013816 0.18033620876751216)
        (-0.02200003625152558 0.030910832209372963 0.14992626709193202)
        (-0.6140649679203727 0.6286488032243864 -0.021640314730719146)
        (-1.7766529712447534 1.4295780203604287 0.7859827518099247)
        (-3.283414039772442 2.275549011536991 3.4791219177001325)
        (-3.074780284475121 1.9045789110871112 7.964597224948957)
        (-2.8236927588051506 1.670876758308213 10.948592453568471)
        (-4.257380791379612 2.4771394774097084 13.2647470656472)
        (-4.329907695621315 2.5446845602850643 12.92969419556228)
        (-3.612019203229721 2.194000855952621 6.912774188849406)
        (-5.558477140148882 3.5631418967468886 -3.573634647706645)
        (-8.83656358644557 6.13738031576327 -11.324193678116321)
        (-5.078554418696477 3.8835518424524746 -15.908485727706616)
        (-2.6488497768190298 2.2164767298880843 -19.566608833907313)
        (-3.9777773907144773 3.657723786041782 -20.62408415313837)
        (-7.507756485568978 7.504514486008954 -19.082959971639184)
        (-9.860913120998523 10.566542120269546 -12.17512892280033)
        (-8.159484170944811 8.981271670561123 -6.311927936804475)
        (-5.997085477623502 6.497402777630558 -3.2224585841991384)
        (-0.04102459990103402 0.43491405327959964 -0.13265066200046843)
        (-0.14262002901012016 0.4321475234618627 -0.06453877816518477)
        (-0.5614248525505895 0.9138111924792535 -0.6267617987092778)
        (-1.5320512220542686 1.9727880762793037 -0.6260465150087771)
        (-3.800125999725749 3.817205687857903 -0.010215580330368512)
        (-6.960936309273681 5.936362879671199 3.034166610973937)
        (-11.760160358803631 9.270389148755797 12.067739843829127)
        (-14.20328958831189 10.41002745195542 22.33853629148989)
        (-12.848500364069668 9.144267437584523 28.58478080870983)
        (-7.67914865766921 5.412626650446905 26.807811862290972)
        (-0.5360409206727712 0.3850137947321123 15.86493311291595)
        (5.686898416181145 -4.250898783202134 -2.6770240365562756)
        (8.566781453551243 -6.7879491796270175 -22.266141651073948)
        (7.411745348458885 -6.279784824504895 -32.77880850530696)
        (4.374918562435369 -3.9955465256273857 -33.73467407299243)
        (-0.05097931784319587 0.05091694137782932 -29.215581383599478)
        (-4.061622767135276 4.396969058720385 -22.173866063225432)
        (-6.137456211757763 7.298412433164854 -14.883334179872465)
        (-6.0434262043450655 7.5969191095596145 -8.394952851714386)
        (-5.163629203735561 6.636891407638762 -4.6432034873980825)
        (-0.08696104726003606 0.6437154953090962 -0.6538533579799997)
        (-0.28593093431143 0.8282366623885858 -1.078805795616919)
        (-0.6807357829960266 1.2786233334575352 -2.4549651269768558)
        (-2.060469268889837 3.013782292091063 -3.3760276515304626)
        (-6.158843654845521 7.18985072352856 -3.9107375842005814)
        (-15.821254963081032 15.538703820069944 -0.08739366930306369)
        (-28.630684412750817 25.897193697695492 12.749558670731258)
        (-39.875447703940615 33.53930608188067 37.993914435998484)
        (-32.72866885047988 26.247983770124264 53.3276972973201)
        (-14.533815991079962 11.49619984134502 48.460391625019184)
        (5.664448776817228 -4.527352958896035 30.76005909506337)
        (26.39563197496029 -21.821329935049967 0.9198497503318261)
        (38.349320899007125 -33.45904560238838 -37.28349069471047)
        (25.371663010593615 -23.643660471725028 -52.7001815481771)
        (13.074243215424469 -13.203353693927939 -48.4756394721297)
        (3.5311756639026712 -3.8676477377911884 -37.63238355807)
        (-3.209753113008002 3.829419282602916 -24.33665321321203)
        (-6.517570590400871 8.478026829370517 -12.744823472703086)
        (-5.820855597498737 8.49831843874295 -6.328458251141823)
        (-4.66352745530667 7.59609364181455 -3.993443674589453)
        (-0.16023270242411325 0.8698545003880533 -1.396490749210852)
        (-0.43271543511453825 1.2550551121559645 -2.1408399829877807)
        (-0.32809797524460826 0.6686533430160433 -4.230763484127133)
        (-2.073465242768062 3.352673923911101 -7.661238059204449)
        (-8.90862899511037 11.441071144362494 -13.04254875490547)
        (-22.664489236587166 25.16205784639065 -14.261476813309816)
        (-52.96694776297616 52.90690803821512 -0.6875533385258099)
        (-78.47075420639618 72.74710326141833 35.43675170574014)
        (-61.677125004569895 54.540738763465555 67.98164404581316)
        (-23.059374561400098 19.976636002785455 63.62102616634105)
        (12.72271054220927 -11.09413032100992 45.27622750830075)
        (52.727463219426554 -47.24232353921242 14.617272643586968)
        (78.95112720934542 -74.18480939060248 -31.262812907529522)
        (55.64693513168281 -55.52603984425371 -67.12465990088022)
        (24.658269803678092 -26.45533832324591 -59.64144713428012)
        (5.335023412367596 -6.296926374475973 -42.38421199257176)
        (-7.825214253422131 10.332212558087626 -22.659598490342496)
        (-10.290691769495144 15.024006296685066 -10.02138970785856)
        (-7.0779326040659285 12.108397825109941 -3.7282012881807076)
        (-4.4451853284282805 9.107131982394439 -2.936771312115897)
        (-0.2720486228614745 1.2214316627612418 -2.110022631411874)
        (-0.633482009009182 1.7769884401327185 -2.927151405476755)
        (-0.6831705382270404 1.4244162176902737 -5.443611744147592)
        (-1.6779182269780473 2.8433818573534744 -10.937284748772155)
        (-10.226502938060861 13.954834973173845 -23.006089074787184)
        (-32.98168669534337 39.43167988613622 -36.4005988246918)
        (-70.7455568257624 76.4487764501485 -38.30705080022912)
        (-98.31633920141194 98.66615107442013 0.9761002557740666)
        (-81.89287953918812 77.69895184602483 50.51585728390808)
        (-25.812980470090928 23.99359626875674 58.66793426378685)
        (17.977161243380145 -16.74266094290738 56.55073730662065)
        (69.61191594518107 -66.21142382969035 38.761313457689965)
        (90.17392610251696 -89.76804699779503 -7.374768748566188)
        (69.82728462152645 -74.39291258936802 -45.100218826277626)
        (32.97456664017632 -37.98675539740605 -52.39096023286949)
        (5.708346347252831 -7.206310019764997 -40.79622642383109)
        (-10.65227839416478 15.337350777674452 -26.137187459573468)
        (-11.899814230789264 19.52424002597565 -13.003593780837353)
        (-7.772712842709576 14.966825983010565 -5.279766898091895)
        (-3.91842757794885 9.790466731872623 -3.34435242825836)
        (-0.4104464817856911 1.6391928804141611 -2.759035454878164)
        (-0.8916696671590874 2.391725173887332 -4.270836049735191)
        (-1.3059599224300895 2.703175873419842 -7.0056333871230905)
        (-2.472943427594797 4.249038144781155 -13.250190296997086)
        (-8.928835177867871 12.597683417344477 -29.500047006556503)
        (-26.24419900636682 32.716746689388735 -53.09154513600874)
        (-52.87590662477058 60.0081405536543 -66.69153467221255)
        (-76.07650394194371 80.27582080588527 -47.48045876428454)
        (-60.034965904058005 59.936100572737494 -4.612672992546905)
        (-20.50556871005626 19.977558858855495 31.25390697040799)
        (16.05559004635998 -15.6520407538973 45.632793369123206)
        (47.08578551455092 -47.31204752071109 46.2745454269907)
        (65.12809800690233 -68.27551211320309 21.55438758978441)
        (50.24071797501633 -56.1879071860328 -17.428620998380243)
        (25.417327176352675 -30.67023161104556 -32.58818926536365)
        (5.497926266051337 -7.355631526098474 -33.11139481480521)
        (-6.626218002235729 10.273113326109822 -27.33775057373218)
        (-8.843040138254347 15.73965114988163 -17.226498359595944)
        (-5.739057779594963 12.403748808559047 -8.199135422093661)
        (-2.9750301999850395 8.709139017642176 -4.214548053676735)
        (-0.6082650178795658 2.2027196761027925 -3.0114972341545703)
        (-1.1232470215430763 2.8514865026796703 -4.132379346346594)
        (-1.7648546434971792 3.558835415334194 -7.420873346553123)
        (-2.624697256944771 4.464778335439514 -13.087964289171971)
        (-4.893647026869939 6.9413038046250115 -27.649446973531372)
        (-11.49222340958269 14.524695609369532 -48.11661615491812)
        (-20.005695297427092 23.08387074396593 -63.5560699053242)
        (-24.401083615530897 26.251510035862964 -57.301182157381156)
        (-16.904221960661143 17.386900037180148 -31.466556926960266)
        (-2.2725183110863654 2.2722030427228805 -0.6500661532943752)
        (13.616246293625672 -13.637122391461807 16.99198271480811)
        (31.074611738057765 -31.704932389613973 23.11303217773165)
        (36.80945440570687 -39.557268830345144 6.511680469225438)
        (29.51745571775829 -33.87690775185171 -15.349233209962083)
        (17.18161286308097 -21.43613685644747 -25.519075265006652)
        (5.013289925997125 -6.979841306979454 -26.038815910918053)
        (-2.4195053482612203 3.9834398001454208 -19.902732035764664)
        (-4.422279872179235 8.45167517021501 -13.178770186259532)
        (-3.572932414659057 8.458697559601866 -6.280027900677627)
        (-2.1632892284348304 7.108510849958027 -3.059453074264997)
        (-0.8598110386620295 2.8553015122384355 -2.8193434531931905)
        (-1.7380599260959124 4.112246772285801 -2.5834747003003162)
        (-2.4420300564321313 4.6911273853720825 -3.6714095696432163)
        (-2.2988448051402486 3.783345420689919 -6.479110200547982)
        (0.6647254211905587 -0.9251875237870117 -16.444052209346694)
        (4.445751506713283 -5.539316342636629 -30.705849004981882)
        (11.131043695458626 -12.766035906163015 -45.10949365899745)
        (15.853710224718663 -17.02031861029939 -53.01363488034638)
        (17.45871558353961 -17.910031045657504 -45.41318557735727)
        (12.377832668869395 -12.37845011097175 -17.526741531441598)
        (21.33779891013504 -21.37062774653325 1.0952935405383375)
        (31.23247768463406 -31.93318824393605 0.1663660826841431)
        (35.37518493418138 -38.07997660445623 -14.051701040673464)
        (27.859043426482508 -32.117583279927345 -30.742103733635116)
        (15.938823665719722 -20.149333058706112 -30.840525731071843)
        (4.46801691907066 -6.338839190406957 -23.028819408693334)
        (-2.3714620976201815 4.035144689412565 -12.379668185203107)
        (-4.0208941745215405 8.111726264780703 -5.283004758117939)
        (-3.176611304343674 8.076017281866264 -1.6736359277034332)
        (-1.8324893947943837 6.642226295878629 -0.5583979486588622)
        (-1.3504392864830288 3.934452673917854 -2.1238933949960863)
        (-2.7819134667484593 6.007917784482786 -0.9001914062301775)
        (-4.811982203921447 8.559684242815894 1.0720158866276739)
        (-3.953435050569914 6.126532938673381 4.013715916500021)
        (6.894973004521047 -9.181463569329178 2.547343554333461)
        (21.640559625683853 -26.045796191893807 -1.2695961671556417)
        (46.07774383461036 -51.492964508847386 -15.227383109343254)
        (64.50392529680974 -67.73598018131393 -39.8380211967532)
        (43.55494737855798 -43.61112272049717 -43.7983052626582)
        (32.93512380543323 -32.0620044580316 -20.651598175729287)
        (32.739556763177994 -31.892102209686133 0.8505572670709389)
        (51.35241695404194 -51.28172050577012 -4.379862435243668)
        (56.68238748532739 -59.81998148294676 -21.674284016011974)
        (42.24654899132267 -47.691070782821996 -41.511216662076)
        (20.57851272892039 -25.65996226135821 -36.071789576596096)
        (3.826692795290995 -5.400295334076254 -22.152658251514417)
        (-5.353978664255711 9.215578371599252 -8.680620944742536)
        (-6.462184306294271 13.402882336151553 -1.0901145067343436)
        (-3.850382960971013 10.33190907455888 1.3772554834270663)
        (-1.7507872386189693 6.977856557788133 0.8802645423006911)
        (-1.9692115769200742 4.914478093895033 -1.6636414617588073)
        (-4.541167268342935 8.736090184153174 -0.17878666603039453)
        (-7.278115552234131 11.820002790108648 3.5573702655631028)
        (-6.399169291755974 9.208582430372147 11.567230362661038)
        (9.477634365977709 -11.95733367153828 24.752122616028974)
        (32.56292857005926 -37.48691694122161 34.26263821062347)
        (73.03303922904058 -77.61456264486189 31.959746106394338)
        (89.81957137629733 -89.52669738211176 5.553759729062501)
        (69.1251756327957 -65.69590985782862 -8.678783941910616)
        (41.14632577646121 -38.238746696698676 -3.489435307307869)
        (38.36210749113359 -35.560967639197145 16.5410393275587)
        (63.45882468975157 -60.153555994521156 26.539705631028717)
        (72.2531773726814 -72.50541733904659 2.2486722341205128)
        (54.300732260346855 -58.64626211553063 -27.288610488144144)
        (23.824906531011752 -28.392046876473035 -27.687011856730273)
        (3.2159689479156808 -4.386462766851135 -19.081696997345965)
        (-7.317727705118305 12.365944657928388 -10.232396913598162)
        (-7.135716894455575 14.880152138045771 -3.254963824279578)
        (-3.916765946540262 10.990378267789971 0.12469819289488021)
        (-1.4874307124066395 6.8057703027038 0.5791828792627717)
        (-2.5661700022879783 5.249784278665242 -0.7583654479498236)
        (-4.801410660993001 7.929923184119624 0.45459792693665)
        (-6.289853759695074 9.180814800964146 5.018282141391261)
        (-5.070114685877741 6.732612785742162 15.502683355764354)
        (9.017144462513308 -10.512333925631873 36.66815124231264)
        (28.136729005725964 -30.372829837492812 55.389671608875126)
        (61.00676761864993 -60.949196144220586 66.13554975374649)
        (73.38671823480963 -68.64318754992401 42.721085693316425)
        (55.091052642873684 -49.32871144944731 17.480675965744066)
        (33.90406011427549 -29.56617156244453 15.428457700485653)
        (32.14312477065146 -27.909781269874962 30.89276466726438)
        (48.311613017793455 -42.683613412265665 41.45653907582881)
        (60.55078169352745 -56.40378265247851 26.006952190943565)
        (38.99058999247169 -39.092818093710385 0.017872795657469576)
        (13.627988624992547 -15.0344254785829 -11.826550380803079)
        (2.30965766734022 -2.9667963003178826 -12.55522194280599)
        (-4.382923945383469 7.064444224161895 -9.084371041607055)
        (-5.078513029536667 10.323403135263197 -4.9738465465888515)
        (-2.6991773407359547 7.827749811691336 -1.342450198323555)
        (-0.995242542288993 5.522885059824933 0.0970125705936109)
        (-3.1442853514103373 5.092138617873375 1.2171577850781363)
        (-3.976781356066431 5.8234369156479655 3.164831028045129)
        (-4.353689310602679 5.662873726218391 9.844918773774827)
        (-2.481268597029111 2.9497220476029433 18.87798669104291)
        (2.624721603626537 -2.863502731664011 31.981661165523544)
        (13.013149875578497 -13.261551890650182 49.0128547275472)
        (26.59651408078094 -24.687977066218014 61.20080189586716)
        (37.89218373242733 -33.020402961444425 51.85312081475995)
        (30.203296307851208 -24.98663036902113 31.838687638334793)
        (21.386347622855492 -17.12719814957951 25.85171898483586)
        (20.1344637968921 -15.959381573594328 31.192887886603934)
        (25.540776286412445 -20.64240340928115 36.39232521389682)
        (26.36047429970007 -22.123482753882644 26.39167762853076)
        (19.9798009520401 -17.891938675909188 10.379787223168861)
        (8.80682006805942 -8.634710031491426 0.12297625309886512)
        (0.7391425045527971 -0.8644350841949939 -4.141825897826497)
        (-2.3411156506496327 3.4261279448248976 -3.6696930688966094)
        (-2.8336678525338925 5.318668451955903 -2.484775042329401)
        (-1.5622231492605712 4.743038282285768 -0.08224727817906033)
        (-0.5603993269902977 4.140758386158311 0.5857872163838213)
        (-3.901664301090082 5.078343945069545 2.626847772462515)
        (-4.622127265084811 5.83574221264519 5.561648995096256)
        (-5.512791368380218 6.447394307366819 12.374616391126773)
        (-4.234933653353267 4.57929495066969 19.835169142057268)
        (-0.9713408230789156 0.9687561636430696 27.9672130634491)
        (4.728514112149073 -4.334333135317152 39.1341789874825)
        (8.654314978127134 -7.340183550002384 45.34810127918591)
        (10.537214036635438 -8.351456841782857 42.49897996498476)
        (9.929013827545761 -7.421833228775874 32.66960658610441)
        (8.463122111270692 -6.078425651734823 25.30733215180641)
        (7.080919678970622 -4.991055583117028 22.181595253101793)
        (5.747951862328575 -4.073269701565391 21.369914805559986)
        (4.488322740539593 -3.2899316634488605 18.847783932082052)
        (3.4469513690252804 -2.7155551098000914 11.612315570596508)
        (0.7515198208609395 -0.6405075506405017 3.2823658771481834)
        (-1.0993004532574222 1.1058596348257885 0.06255551153355147)
        (-2.3814511784969934 3.068909217443793 -0.24899165091487224)
        (-2.4517104031640278 4.03563067267796 0.6191233731899575)
        (-1.262091558276098 3.809473377356893 1.4839444379360307)
        (-0.2810647304623569 3.1644060602625967 1.1302100692080974)
        (-5.107086318417257 5.486592845844577 1.9692180822414513)
        (-6.892296533048991 7.596335063763762 4.583190885221571)
        (-9.25100127610942 9.858122132116085 11.170714317515955)
        (-7.24844588283904 7.200497488876282 19.14334575517818)
        (-4.546852711720554 4.132853839888094 22.138084445755656)
        (-4.505354263864717 3.7560732023801 23.05381252763347)
        (-9.58683493771747 7.256964787007653 22.73778008730029)
        (-15.740339809730484 10.932302318392004 26.328385552768395)
        (-10.255275589917083 6.614532153771609 27.12280581782003)
        (-4.156795514503753 2.5250215356606107 20.352764005253732)
        (-4.180796869935747 2.4571140105516176 12.217922316003254)
        (-9.366050737909823 5.449847100625775 8.781539289638797)
        (-12.402049438731952 7.339307141970316 10.274752878249691)
        (-7.859267163532039 4.8727232812842125 9.489913482869602)
        (-3.2466000797881707 2.212149071552883 3.9159515194726966)
        (-3.1243410013284363 2.5320886408773773 0.5609341411022319)
        (-3.7337266470961468 3.7782403820873784 0.042308274273057944)
        (-3.3429653161518584 4.711510792195533 1.3136870080573408)
        (-1.4559540759404301 3.5923898214256353 1.538805208921628)
        (-0.19181951775784592 2.595175382962949 1.0223234779124608)
        (-5.545523681985587 5.492301446888472 0.37768633728734025)
        (-8.760991517171751 8.978035773560158 1.8360647717332095)
        (-11.347348625768447 11.342787454182119 7.094066771937057)
        (-10.810669892822897 10.154328235046833 11.834976369874937)
        (-7.464495688105179 6.428370377801254 15.462082447592262)
        (-8.019338057165795 6.1905803595595215 13.62999863356458)
        (-14.283575968658662 9.787533322909647 10.287178882999305)
        (-19.940769487177434 12.155563534364168 13.001129130399352)
        (-15.725207925850732 8.836443770581617 17.18903272024023)
        (-8.743234005530953 4.575426423460063 13.534122710379517)
        (-8.255314598331914 4.0922682896846965 5.129136104692886)
        (-13.579084647943711 6.558613237548557 1.0738874658869622)
        (-15.045992113381324 7.215320419823126 3.219156113199801)
        (-10.113466012888086 4.962747862868902 4.976416501202593)
        (-5.194002119782149 2.7199342551112555 2.2365658705399487)
        (-4.073340764412294 2.366865866965019 -0.8015435007127839)
        (-4.584487117009934 3.2704785480125595 -1.3254384760070619)
        (-3.804901289846351 3.6805840339368143 0.006058300119624091)
        (-1.8521532227093522 3.0901895268066855 0.7055997677018275)
        (-0.2648655229218615 1.836291771517777 0.4104342435004586)
        (-4.834505656183702 4.6416564495700365 -0.5692349204196621)
        (-7.086484112348038 7.072439433728471 -0.6608288147443162)
        (-9.868120471809517 9.63034598259352 2.214433634997412)
        (-9.333212692126743 8.6108124397266 5.329926925597929)
        (-7.418974916668559 5.990679879169133 7.536946831107118)
        (-8.497528477210786 5.812267091208638 6.06825344126342)
        (-12.286868772196216 7.334935452881833 3.900045236568103)
        (-15.341341559629235 7.969386816094908 5.414867155204353)
        (-12.457883641151271 5.760572807766312 8.288182845762526)
        (-8.790454133710345 3.7135545504063727 6.73124167358558)
        (-8.226028082844312 3.2390063368603927 1.2680710182968251)
        (-10.683317062307216 3.981325440173028 -1.4417923312368413)
        (-10.895136729202145 3.8826216049224915 0.0748973579792829)
        (-7.758406890457632 2.6669284635428463 1.3107935271382756)
        (-4.8633712103489435 1.5113805973009264 0.08306931862711259)
        (-3.815813201770176 1.2377593687370796 -1.2242851417108123)
        (-3.5928762726707806 1.4050701511998234 -1.5758000980981777)
        (-3.0397162490782215 1.777479837923857 -0.6561242078378927)
        (-1.4413677703303476 1.3358712842265634 -0.01065222688001509)
        (-0.31155155897310305 0.9081548776461147 0.06598644466226775)
        (-4.226726131860476 4.223624530664899 -0.43529478630224844)
        (-4.919742243389493 5.109639066355194 -0.5318933546751515)
        (-5.922419097339561 6.003704830884675 0.692232874223743)
        (-6.363060179171121 5.850876825228796 3.285602229171141)
        (-6.6291421671327955 5.106750805324414 4.591878784903105)
        (-7.481692292080544 4.595591963818306 3.9901309484216343)
        (-8.826474735042867 4.312221245706386 2.7541997974440324)
        (-9.45497077086437 3.785378370019408 3.336929990040134)
        (-8.34705948558604 2.8631899734404986 4.10176891267161)
        (-6.974512134540377 2.1230962402333593 2.947416291255233)
        (-6.5740328024558545 1.814240489126568 0.6286575145702549)
        (-6.912287705121404 1.7342779094646377 -0.7819443320337749)
        (-6.6633053147941 1.467995433648898 -0.5228742527439769)
        (-5.421402912854257 0.9579605863255674 -0.0929507216550181)
        (-4.114175445357511 0.555106569021912 -0.5782718155294758)
        (-3.256590644224875 0.2685095465421408 -1.190887508235019)
        (-2.498437838851104 0.21899660712683217 -0.9493025775909643)
        (-1.8417703286720355 0.32881239773638277 -0.44395170461059785)
        (-0.9379252001214478 0.27754629094840566 -0.07221103109578109)
        (-0.29134631458604354 0.30913391219111497 -0.0006760299592314979)
);

boundaryField
{
    walls
    {
        type            zeroGradient;
    }

    inlet
    {
        type            fixedValue;
        value           uniform 300;
    }

    outlet
    {
        type            zeroGradient;
    }
// WALLS
    fixedWalls {
        type zeroGradient;
    }
    frontAndBack {
        type empty;
    }

    coldEnd {
        type zeroGradient;
    }

    hotEnd {
        type zeroGradient;
    }
        // WALLS
    patch_0_0 {
        type zeroGradient;
    }
    patch_1_0 {
        type zeroGradient;
    }

    // INLET
    patch_2_0 {
        type zeroGradient;
    }

    // OUTLET
    patch_3_0 {
        type zeroGradient;
    }

    // HEATER
    patch_4_0 {
        type zeroGradient;

    }

    // COOLER {
    patch_5_0 {
        type zeroGradient;
    }
}

// ************************************************************************* //
